Tabula fastorum. 37

111111. 1 11 1116]N. 1111111111 1111116111
11411661114111ι
613] 3 611 5 116 3 6

4111611161 4111111116

3 6 D 11611. (111 1161111111 NON. 1

1. 1

6

616111611113

¹ 1161.111111)111161.1161
161661161166
111111111116111111116112
166141666146
6111111111111 5 66 36
,11 4116111111 4111111116
13)11111.1111111.111 3 6111111111
1411116116 1161116111 1
151611111611111111.11116 6
1611111 1616111111116
11 A 16 611 15 61 16 61161111
18115 6114 6615 611 15 6
191614 61 13 61111161116111. 11
2011113 6611611113 611136
21 11 16611, 11 D 11 6 1166111111) 4 66116. 11
221111111666116111111
23 )6 1111. 111 3 61111111.(11)61616.11 ·
24)116.1111.616 6 61 1111 16
2111 611 16111111.1116116.11
61 6 616 1 61 1 6
· 61 161666161111
66 4 611 5 611 511⁵
611113 16 4 61141
6111. 66 3 663 31
⁴ 1 11. 66 PR. 6
11ῬΤ11116116), ΟΡ111116), ΟΡ101116116), ΡΑΒ(1116), 10311111g11m),
'ORT(unalia), (1116111111161 016111116111) 1161), Quando) ST(ercus)
>(elatum) 1166), 1111111111161111), (1111111116116), 3361111311111,
10311galia1, 81111116116), 11111116116), ΤΠΒ11116111111), VEST·

1116), 111Ν(6116), 1010616116), 11011Τ11111116116).6

1) 166161611611166616111 Caesare prioris 6111161161 pervenit, 6111 11-
mi vero 116 16111611161161616) paene integra 1166 non XIV aliarum fragmenta
161616 minora, quae omnia 61116 et illustram sunt 6 Mommseno in 61. L.

 

